   
new = Any[[3, 11, 2], [4, 14], [7, 12]]
empty = Any[1, 5, 6, 8, 9, 10, 13, 15]
   
new = Any[[3, 11, 2], [4, 14], [7, 10, 12]]
empty = Any[1, 5, 6, 8, 9, 13, 15]
   
new = Any[[3, 11, 2], [4, 14], [7, 10, 12]]
empty = Any[1, 5, 6, 8, 9, 13, 15]
   
new = Any[[3, 11, 2], [4, 14], [10, 12, 7], [8, 13]]
empty = Any[1, 5, 6, 9, 15]
   
new = Any[[3, 11, 2], [4, 14], [7, 10, 12], [8, 13]]
empty = Any[1, 5, 6, 9, 15]
   
new = Any[[3, 11, 2], [4, 14], [7, 12]]
empty = Any[1, 5, 6, 8, 9, 10, 13, 15]
   
new = Any[[3, 11, 2], [4, 14], [7, 12]]
empty = Any[1, 5, 6, 8, 9, 10, 13, 15]
   
new = Any[[3, 11, 2], [4, 14], [7, 12]]
empty = Any[1, 5, 6, 8, 9, 10, 13, 15]
   
new = Any[[1, 10], [3, 11, 2], [4, 14], [7, 12]]
empty = Any[5, 6, 8, 9, 13, 15]
   
new = Any[[5, 10, 1], [3, 9, 11, 2], [4, 14], [7, 12]]
empty = Any[6, 8, 13, 15]
   
new = Any[[1, 10], [3, 11, 2], [4, 14], [7, 12]]
empty = Any[5, 6, 8, 9, 13, 15]
   
new = Any[[1, 10], [2, 11], [4, 14], [7, 12]]
empty = Any[3, 5, 6, 8, 9, 13, 15]
   
new = Any[[1, 10], [2, 11], [4, 14], [7, 12], [8, 15]]
empty = Any[3, 5, 6, 9, 13]
   
new = Any[[1, 10], [2, 11], [4, 14], [7, 12], [8, 15]]
empty = Any[3, 5, 6, 9, 13]
   
new = Any[[1, 10], [2, 11], [4, 14], [7, 12]]
empty = Any[3, 5, 6, 8, 9, 13, 15]
   
new = Any[[2, 11, 1], [6, 14, 4], [7, 12]]
empty = Any[3, 5, 8, 9, 10, 13, 15]
   
new = Any[[2, 11, 1], [4, 14], [7, 12]]
empty = Any[3, 5, 6, 8, 9, 10, 13, 15]
   
new = Any[[2, 10, 11, 1], [4, 14], [7, 12]]
empty = Any[3, 5, 6, 8, 9, 13, 15]
   
new = Any[[2, 11, 1], [4, 14], [7, 12]]
empty = Any[3, 5, 6, 8, 9, 10, 13, 15]
   
new = Any[[10, 11, 2, 1], [6, 14, 4], [7, 12]]
empty = Any[3, 5, 8, 9, 13, 15]
   
new = Any[[10, 11, 1], [4, 14], [7, 12]]
empty = Any[2, 3, 5, 6, 8, 9, 13, 15]
   
new = Any[[10, 11, 2, 1], [4, 14], [7, 12]]
empty = Any[3, 5, 6, 8, 9, 13, 15]
   
new = Any[[10, 11, 2, 1], [3, 9], [6, 14, 4], [7, 12]]
empty = Any[5, 8, 13, 15]
   
new = Any[[10, 11, 2, 1], [3, 9], [4, 14], [7, 12]]
empty = Any[5, 6, 8, 13, 15]
   
new = Any[[10, 11, 2, 1], [3, 9], [4, 14], [12, 15, 7]]
empty = Any[5, 6, 8, 13]
   
new = Any[[10, 11, 2, 1], [3, 9], [4, 14], [7, 12]]
empty = Any[5, 6, 8, 13, 15]
   
new = Any[[10, 11, 2, 1], [3, 9], [4, 14], [7, 12]]
empty = Any[5, 6, 8, 13, 15]
   
new = Any[[10, 11, 2, 1], [3, 5, 9], [4, 14], [7, 12]]
empty = Any[6, 8, 13, 15]
   
new = Any[[10, 11, 2, 1], [3, 9], [4, 14], [7, 12]]
empty = Any[5, 6, 8, 13, 15]
   
new = Any[[10, 11, 2, 1], [4, 14], [13, 15, 7, 12]]
empty = Any[3, 5, 6, 8, 9]
   
new = Any[[10, 11, 2, 1], [3, 9], [6, 14, 4], [7, 12], [13, 15]]
empty = Any[5, 8]
   
new = Any[[10, 11, 2, 1], [3, 9], [6, 14, 4], [7, 12]]
empty = Any[5, 8, 13, 15]
   
new = Any[[10, 11, 2, 1], [5, 9, 3], [6, 14, 4], [7, 12]]
empty = Any[8, 13, 15]
   
new = Any[[10, 11, 2, 1], [6, 9, 14, 4, 3], [7, 12]]
empty = Any[5, 8, 13, 15]
   
new = Any[[10, 11, 2, 1], [6, 9, 3], [4, 14], [7, 12]]
empty = Any[5, 8, 13, 15]
   
new = Any[[10, 11, 2, 1], [6, 9, 3], [4, 14], [7, 12]]
empty = Any[5, 8, 13, 15]
   
new = Any[[1, 11], [2, 10], [6, 9, 3], [4, 14], [7, 12]]
empty = Any[5, 8, 13, 15]
   
new = Any[[1, 11], [2, 10], [6, 9, 3], [4, 14], [7, 12]]
empty = Any[5, 8, 13, 15]
   
new = Any[[1, 11], [2, 10], [6, 9, 3], [4, 14], [7, 12]]
empty = Any[5, 8, 13, 15]
   
new = Any[[1, 11], [2, 10, 15], [6, 9, 3], [4, 14], [5, 8], [7, 12]]
empty = Any[13]
   
new = Any[[1, 11], [2, 10], [6, 9, 3], [4, 14], [7, 12]]
empty = Any[5, 8, 13, 15]
   
new = Any[[1, 11], [2, 10], [7, 12, 6, 9, 3], [4, 14]]
empty = Any[5, 8, 13, 15]
   
new = Any[[1, 11], [2, 10], [7, 12, 6, 9, 3], [4, 14]]
empty = Any[5, 8, 13, 15]
   
new = Any[[1, 11], [2, 10], [9, 12, 7, 6, 3], [4, 14]]
empty = Any[5, 8, 13, 15]
   
new = Any[[1, 11], [2, 10], [9, 12, 7, 6, 3], [4, 13, 14]]
empty = Any[5, 8, 15]
   
new = Any[[1, 11], [2, 10], [9, 12, 7, 6, 3], [4, 13, 14]]
empty = Any[5, 8, 15]
   
new = Any[[1, 11], [9, 12, 7, 6, 3], [4, 14], [10, 15]]
empty = Any[2, 5, 8, 13]
   
new = Any[[1, 11], [10, 15, 2], [9, 12, 7, 6, 3], [4, 14]]
empty = Any[5, 8, 13]
   
new = Any[[1, 11], [7, 12, 3, 6, 9], [4, 14], [10, 15]]
empty = Any[2, 5, 8, 13]
   
new = Any[[1, 11], [10, 15, 2], [9, 12, 7, 6, 3, 5], [4, 14]]
empty = Any[8, 13]
   
new = Any[[1, 11], [10, 15, 2], [9, 12, 7, 6, 5, 3], [4, 14]]
empty = Any[8, 13]
   
new = Any[[10, 15, 2], [9, 12, 7, 6, 5, 3], [4, 14]]
empty = Any[1, 8, 11, 13]
   
new = Any[[9, 12, 7, 5, 4, 14, 3], [10, 15]]
empty = Any[1, 2, 6, 8, 11, 13]
   
new = Any[[10, 15, 2], [9, 12, 7, 5, 3], [4, 14]]
empty = Any[1, 6, 8, 11, 13]
   
new = Any[[10, 15, 2], [9, 12, 7, 5, 3], [4, 14]]
empty = Any[1, 6, 8, 11, 13]
   
new = Any[[1, 11], [10, 15, 2], [9, 12, 7, 5, 3], [4, 14]]
empty = Any[6, 8, 13]
   
new = Any[[10, 15, 2], [7, 12, 5, 9, 3], [4, 14]]
empty = Any[1, 6, 8, 11, 13]
   
new = Any[[10, 15, 2], [7, 12, 5, 3, 9], [4, 14]]
empty = Any[1, 6, 8, 11, 13]
   
new = Any[[10, 15, 2], [7, 12, 5, 9, 3], [4, 14]]
empty = Any[1, 6, 8, 11, 13]
   
new = Any[[1, 11], [10, 15, 2], [7, 12, 5, 3, 9], [4, 14]]
empty = Any[6, 8, 13]
   
new = Any[[1, 11], [10, 15, 2], [7, 12, 5, 3, 9], [4, 14]]
empty = Any[6, 8, 13]
   
new = Any[[1, 11], [10, 15, 2], [7, 12, 5, 3, 9], [4, 14]]
empty = Any[6, 8, 13]
   
new = Any[[1, 11], [10, 15, 2], [7, 12, 5, 3, 9], [4, 14]]
empty = Any[6, 8, 13]
   
new = Any[[1, 11], [10, 15, 2], [7, 12, 5, 3, 9], [4, 14]]
empty = Any[6, 8, 13]
   
new = Any[[1, 11], [10, 15, 2], [9, 12, 7, 5, 3], [4, 14]]
empty = Any[6, 8, 13]
   
new = Any[[10, 15, 2], [9, 12, 7, 3, 5], [4, 14]]
empty = Any[1, 6, 8, 11, 13]
   
new = Any[[1, 11], [10, 15, 2], [9, 12, 7, 3, 5], [4, 14]]
empty = Any[6, 8, 13]
   
new = Any[[1, 11], [7, 12, 3, 5], [4, 14], [10, 15]]
empty = Any[2, 6, 8, 9, 13]
   
new = Any[[10, 15, 2], [7, 12, 5, 3], [4, 14]]
empty = Any[1, 6, 8, 9, 11, 13]
   
new = Any[[5, 12, 3], [4, 14], [10, 15]]
empty = Any[1, 2, 6, 7, 8, 9, 11, 13]
   
new = Any[[1, 8], [7, 12, 5, 3], [4, 14], [10, 15]]
empty = Any[2, 6, 9, 11, 13]
   
new = Any[[1, 8], [9, 12, 7, 5, 3], [4, 14], [10, 15]]
empty = Any[2, 6, 11, 13]
   
new = Any[[1, 8], [10, 15, 2, 11], [9, 12, 7, 5, 3], [4, 14]]
empty = Any[6, 13]
   
new = Any[[1, 8], [10, 15, 2, 11], [5, 9, 3, 12], [4, 14]]
empty = Any[6, 7, 13]
   
new = Any[[1, 8], [10, 15, 2], [9, 12, 5, 3], [4, 14]]
empty = Any[6, 7, 11, 13]
   
new = Any[[11, 15, 10, 2], [9, 12, 5, 3], [4, 14]]
empty = Any[1, 6, 7, 8, 13]
   
new = Any[[10, 15, 2], [5, 9, 3, 12], [4, 14]]
empty = Any[1, 6, 7, 8, 11, 13]
   
new = Any[[1, 8], [10, 15, 2, 7], [5, 9, 3, 12], [4, 14]]
empty = Any[6, 11, 13]
   
new = Any[[2, 7], [5, 9, 3, 12], [4, 14], [10, 11, 15]]
empty = Any[1, 6, 8, 13]
   
new = Any[[11, 15, 10, 2, 7], [9, 12, 5, 3], [4, 14]]
empty = Any[1, 6, 8, 13]
   
new = Any[[10, 15, 2, 7], [9, 12, 3, 5], [4, 14]]
empty = Any[1, 6, 8, 11, 13]
   
new = Any[[10, 15, 2], [9, 12, 3], [4, 14]]
empty = Any[1, 5, 6, 7, 8, 11, 13]
   
new = Any[[10, 15, 2, 7], [9, 12, 3], [4, 14]]
empty = Any[1, 5, 6, 8, 11, 13]
   
new = Any[[10, 15, 7, 2], [9, 12, 3], [4, 14]]
empty = Any[1, 5, 6, 8, 11, 13]
   
new = Any[[10, 15, 7, 2, 13], [9, 12, 3], [4, 14]]
empty = Any[1, 5, 6, 8, 11]
   
new = Any[[10, 15, 2], [9, 12, 3], [4, 14]]
empty = Any[1, 5, 6, 7, 8, 11, 13]
   
new = Any[[10, 15, 7, 2], [9, 12, 3], [4, 14]]
empty = Any[1, 5, 6, 8, 11, 13]
   
new = Any[[10, 15, 2], [9, 12, 3], [4, 14]]
empty = Any[1, 5, 6, 7, 8, 11, 13]
   
new = Any[[10, 15, 2], [9, 12, 3], [4, 14]]
empty = Any[1, 5, 6, 7, 8, 11, 13]
   
new = Any[[10, 15, 2], [9, 12, 3], [4, 14]]
empty = Any[1, 5, 6, 7, 8, 11, 13]
   
new = Any[[10, 15, 7, 5, 2], [9, 12, 3], [4, 14]]
empty = Any[1, 6, 8, 11, 13]
   
new = Any[[10, 15, 7, 5, 2], [9, 12, 3], [4, 14]]
empty = Any[1, 6, 8, 11, 13]
   
new = Any[[10, 15, 5, 7, 2, 4, 14], [9, 12, 3]]
empty = Any[1, 6, 8, 11, 13]
   
new = Any[[10, 15, 7, 5, 2, 4, 14], [9, 12, 3]]
empty = Any[1, 6, 8, 11, 13]
   
new = Any[[10, 15, 7, 5, 2], [9, 12, 3], [4, 14]]
empty = Any[1, 6, 8, 11, 13]
   
new = Any[[10, 15, 7, 5, 2, 4, 14], [9, 12]]
empty = Any[1, 3, 6, 8, 11, 13]
   
new = Any[[10, 15, 7, 5, 2], [9, 12, 3], [4, 14]]
empty = Any[1, 6, 8, 11, 13]
   
new = Any[[9, 12, 3, 1], [10, 15, 7, 5, 2], [4, 14]]
empty = Any[6, 8, 11, 13]
   
new = Any[[10, 15, 7, 5, 2], [4, 14], [9, 12]]
empty = Any[1, 3, 6, 8, 11, 13]
   
new = Any[[1, 11], [10, 15, 7, 5, 2], [9, 12, 8, 3], [4, 14]]
empty = Any[6, 13]
   
new = Any[[10, 15, 7, 5, 2], [3, 9], [4, 14], [8, 12]]
empty = Any[1, 6, 11, 13]
   
new = Any[[10, 15, 7, 5, 2], [9, 12, 3], [4, 14]]
empty = Any[1, 6, 8, 11, 13]
   
new = Any[[10, 15, 7, 5, 2], [9, 12, 3], [4, 14]]
empty = Any[1, 6, 8, 11, 13]
   
new = Any[[10, 15, 7, 13, 5, 2], [9, 12, 3], [4, 14]]
empty = Any[1, 6, 8, 11]
   
new = Any[[9, 12, 3, 1], [10, 15, 7, 13, 5, 2], [4, 14]]
empty = Any[6, 8, 11]
   
new = Any[[1, 9], [4, 14], [10, 15, 7, 13, 5]]
empty = Any[2, 3, 6, 8, 11, 12]
   
new = Any[[1, 9], [4, 14], [10, 15, 7, 5, 13]]
empty = Any[2, 3, 6, 8, 11, 12]
   
new = Any[[3, 9, 1], [4, 14], [10, 13, 15, 7, 5]]
empty = Any[2, 6, 8, 11, 12]
   
new = Any[[6, 14, 4], [10, 15, 7, 5, 13]]
empty = Any[1, 2, 3, 8, 9, 11, 12]
   
new = Any[[4, 6, 14], [13, 15, 10, 7, 5]]
empty = Any[1, 2, 3, 8, 9, 11, 12]
   
new = Any[[3, 9], [6, 14, 4], [13, 15, 10, 7, 5]]
empty = Any[1, 2, 8, 11, 12]
   
new = Any[[3, 9], [4, 6, 14], [10, 15, 5]]
empty = Any[1, 2, 7, 8, 11, 12, 13]
   
new = Any[[4, 6, 14], [10, 15, 5], [11, 12]]
empty = Any[1, 2, 3, 7, 8, 9, 13]
   
new = Any[[1, 9], [6, 14, 4], [10, 15, 5]]
empty = Any[2, 3, 7, 8, 11, 12, 13]
   
new = Any[[1, 9], [6, 14, 4], [10, 15, 5]]
empty = Any[2, 3, 7, 8, 11, 12, 13]
   
new = Any[[1, 3], [6, 14, 4], [10, 15, 5]]
empty = Any[2, 7, 8, 9, 11, 12, 13]
   
new = Any[[1, 3], [6, 14, 4], [10, 15, 5]]
empty = Any[2, 7, 8, 9, 11, 12, 13]
   
new = Any[[1, 3], [4, 14], [10, 15, 5]]
empty = Any[2, 6, 7, 8, 9, 11, 12, 13]
   
new = Any[[1, 9], [4, 14], [10, 15, 7, 5]]
empty = Any[2, 3, 6, 8, 11, 12, 13]
   
new = Any[[2, 11], [6, 14, 4], [10, 15, 7, 8, 5]]
empty = Any[1, 3, 9, 12, 13]
   
new = Any[[2, 11], [3, 13], [6, 14, 4], [10, 15, 7, 8, 5]]
empty = Any[1, 9, 12]
   
new = Any[[2, 11], [3, 13], [6, 14, 4], [10, 15, 7, 5]]
empty = Any[1, 8, 9, 12]
   
new = Any[[2, 11], [6, 14, 4], [10, 15, 7, 5]]
empty = Any[1, 3, 8, 9, 12, 13]
   
new = Any[[2, 11, 1], [4, 14], [10, 15, 7, 5]]
empty = Any[3, 6, 8, 9, 12, 13]
   
new = Any[[2, 11, 1], [4, 14], [10, 15, 7, 5]]
empty = Any[3, 6, 8, 9, 12, 13]
   
new = Any[[2, 11, 1], [6, 14, 4], [10, 15, 5]]
empty = Any[3, 7, 8, 9, 12, 13]
   
new = Any[[2, 11, 1], [6, 14, 4], [10, 15, 7, 5]]
empty = Any[3, 8, 9, 12, 13]
   
new = Any[[2, 11, 1], [6, 14, 4], [10, 15, 7, 5]]
empty = Any[3, 8, 9, 12, 13]
   
new = Any[[10, 15, 8, 7, 5, 1, 2, 11], [6, 14, 4]]
empty = Any[3, 9, 12, 13]
   
new = Any[[10, 15, 7, 5, 1, 2, 11], [6, 14, 4]]
empty = Any[3, 8, 9, 12, 13]
   
new = Any[[2, 11, 1], [6, 14, 4], [10, 15, 7, 5]]
empty = Any[3, 8, 9, 12, 13]
   
new = Any[[2, 11, 1], [6, 14, 4], [10, 15, 7, 5]]
empty = Any[3, 8, 9, 12, 13]
   
new = Any[[2, 11, 1], [6, 14, 4], [10, 15, 7, 5]]
empty = Any[3, 8, 9, 12, 13]
   
new = Any[[2, 11, 1], [6, 14, 4], [10, 15, 7, 5], [12, 13]]
empty = Any[3, 8, 9]
   
new = Any[[2, 11, 1], [6, 14, 4], [10, 15, 7, 5]]
empty = Any[3, 8, 9, 12, 13]
   
new = Any[[2, 11, 1], [6, 14, 4], [10, 15, 7, 5]]
empty = Any[3, 8, 9, 12, 13]
   
new = Any[[2, 11, 1], [6, 14, 4], [10, 15, 7, 5]]
empty = Any[3, 8, 9, 12, 13]
   
new = Any[[2, 11, 1], [6, 14, 4], [10, 15, 7, 5]]
empty = Any[3, 8, 9, 12, 13]
   
new = Any[[2, 11, 1], [6, 14, 4], [10, 15, 7, 5]]
empty = Any[3, 8, 9, 12, 13]
   
new = Any[[2, 3, 11, 1], [6, 14, 4], [10, 15, 7, 5]]
empty = Any[8, 9, 12, 13]
   
new = Any[[2, 11, 1], [6, 14, 4], [10, 15, 7, 5], [9, 12]]
empty = Any[3, 8, 13]
   
new = Any[[2, 11, 1], [6, 14, 4], [10, 15, 7, 5]]
empty = Any[3, 8, 9, 12, 13]
   
new = Any[[2, 11, 1], [6, 14, 4], [10, 15, 7, 5]]
empty = Any[3, 8, 9, 12, 13]
   
new = Any[[2, 11, 1], [6, 8, 14, 4], [10, 15, 7, 5]]
empty = Any[3, 9, 12, 13]
   
new = Any[[2, 11, 1], [6, 14, 4], [10, 15, 7, 5]]
empty = Any[3, 8, 9, 12, 13]
   
new = Any[[2, 11, 1], [6, 14, 4], [10, 15, 7, 5]]
empty = Any[3, 8, 9, 12, 13]
   
new = Any[[2, 11, 1], [6, 14, 4], [10, 15, 7, 5]]
empty = Any[3, 8, 9, 12, 13]
   
new = Any[[2, 11, 1], [6, 14, 4], [10, 15, 7, 5]]
empty = Any[3, 8, 9, 12, 13]
   
new = Any[[10, 15, 7, 5, 2, 11, 1], [3, 8], [6, 14, 4]]
empty = Any[9, 12, 13]
   
new = Any[[10, 15, 7, 5, 2, 11, 1], [3, 8], [6, 14, 4]]
empty = Any[9, 12, 13]
   
new = Any[[2, 11, 1], [3, 8], [6, 14, 4], [10, 15, 7, 5]]
empty = Any[9, 12, 13]
   
new = Any[[10, 15, 7, 5, 2, 11, 1], [3, 8], [6, 14, 4]]
empty = Any[9, 12, 13]
   
new = Any[[2, 11, 1], [3, 8], [6, 14, 4], [10, 15, 7, 5]]
empty = Any[9, 12, 13]
   
new = Any[[2, 11, 1], [6, 14, 4], [10, 15, 7, 5]]
empty = Any[3, 8, 9, 12, 13]
   
new = Any[[2, 11, 1], [6, 14, 4], [10, 15, 7, 5]]
empty = Any[3, 8, 9, 12, 13]
   
new = Any[[2, 11, 1], [6, 14, 4], [10, 15, 7, 5]]
empty = Any[3, 8, 9, 12, 13]
   
new = Any[[2, 11, 1], [3, 8], [6, 14, 4], [10, 15, 7, 5]]
empty = Any[9, 12, 13]
   
new = Any[[2, 11, 1], [3, 8], [6, 14, 4], [10, 15, 7, 5], [9, 12]]
empty = Any[13]
   
new = Any[[10, 15, 7, 5, 2, 11, 1], [3, 8], [6, 14, 4], [9, 12]]
empty = Any[13]
   
new = Any[[2, 11, 1], [6, 14, 4], [10, 15, 7, 5], [9, 12]]
empty = Any[3, 8, 13]
   
new = Any[[2, 11, 1], [6, 14, 4], [10, 15, 7, 5], [9, 12]]
empty = Any[3, 8, 13]
   
new = Any[[2, 11, 1], [6, 14, 4], [10, 15, 7, 5], [9, 12]]
empty = Any[3, 8, 13]
   
new = Any[[2, 11, 1], [6, 14, 4], [10, 15, 7, 5], [9, 12]]
empty = Any[3, 8, 13]
   
new = Any[[2, 11, 1], [6, 14, 4], [10, 15, 7, 5], [9, 12]]
empty = Any[3, 8, 13]
   
new = Any[[2, 11, 1], [6, 14, 4], [10, 15, 7, 5]]
empty = Any[3, 8, 9, 12, 13]
   
new = Any[[1, 11], [6, 14, 4], [10, 15, 7, 5]]
empty = Any[2, 3, 8, 9, 12, 13]
   
new = Any[[1, 11], [6, 14, 4], [10, 15, 7, 5]]
empty = Any[2, 3, 8, 9, 12, 13]
   
new = Any[[2, 11, 1], [6, 14, 4], [10, 15, 7, 5]]
empty = Any[3, 8, 9, 12, 13]
   
new = Any[[2, 11, 1], [6, 14, 4], [10, 15, 7, 5]]
empty = Any[3, 8, 9, 12, 13]
   
new = Any[[1, 2, 11], [6, 14, 4], [10, 15, 7, 5]]
empty = Any[3, 8, 9, 12, 13]
   
new = Any[[1, 2, 11], [6, 14, 4], [10, 15, 7, 5]]
empty = Any[3, 8, 9, 12, 13]
   
new = Any[[2, 11, 1], [6, 14, 4], [10, 15, 7, 5]]
empty = Any[3, 8, 9, 12, 13]
   
new = Any[[2, 11, 1], [6, 14, 4], [10, 15, 7, 5]]
empty = Any[3, 8, 9, 12, 13]
   
new = Any[[9, 11, 1, 3], [6, 14, 4], [10, 15, 7, 5]]
empty = Any[2, 8, 12, 13]
   
new = Any[[2, 11, 1], [6, 14, 4], [10, 15, 7, 5]]
empty = Any[3, 8, 9, 12, 13]
   
new = Any[[3, 11, 1], [6, 14, 4], [10, 15, 7, 5], [8, 9]]
empty = Any[2, 12, 13]
   
new = Any[[2, 3, 11], [6, 14, 4], [10, 15, 7, 5], [8, 9]]
empty = Any[1, 12, 13]
   
new = Any[[2, 3], [6, 14, 4], [10, 15, 7, 5], [8, 9]]
empty = Any[1, 11, 12, 13]
   
new = Any[[2, 3, 1], [6, 14, 4], [10, 15, 5], [8, 9]]
empty = Any[7, 11, 12, 13]
   
new = Any[[2, 3], [6, 14, 4], [10, 15, 5], [8, 9]]
empty = Any[1, 7, 11, 12, 13]
   
new = Any[[2, 3, 1], [6, 14, 4], [10, 15, 5], [8, 9]]
empty = Any[7, 11, 12, 13]
   
new = Any[[2, 3, 1], [4, 6, 14], [10, 15, 5], [8, 9]]
empty = Any[7, 11, 12, 13]
   
new = Any[[2, 3, 7], [4, 6, 14], [10, 15, 5], [8, 9]]
empty = Any[1, 11, 12, 13]
   
new = Any[[2, 3, 7], [6, 14, 4], [10, 15, 5], [8, 9]]
empty = Any[1, 11, 12, 13]
   
new = Any[[3, 7, 2], [6, 14, 4], [10, 15, 5], [8, 9]]
empty = Any[1, 11, 12, 13]
   
new = Any[[3, 7, 2], [6, 14, 4], [10, 15, 5], [8, 9]]
empty = Any[1, 11, 12, 13]
   
new = Any[[3, 7, 2], [4, 6, 14], [10, 15, 5], [8, 9]]
empty = Any[1, 11, 12, 13]
   
new = Any[[3, 7, 2], [4, 6, 14], [10, 15, 5]]
empty = Any[1, 8, 9, 11, 12, 13]
   
new = Any[[2, 3, 7], [6, 14, 4], [10, 15, 5], [8, 9]]
empty = Any[1, 11, 12, 13]
   
new = Any[[3, 12, 2], [4, 6, 14], [10, 15, 5], [8, 9]]
empty = Any[1, 7, 11, 13]
   
new = Any[[2, 3, 12], [4, 6, 14], [10, 15, 5]]
empty = Any[1, 7, 8, 9, 11, 13]
   
new = Any[[2, 12], [4, 6, 14], [10, 15, 5]]
empty = Any[1, 3, 7, 8, 9, 11, 13]
   
new = Any[[2, 12], [4, 6, 14], [10, 15, 5]]
empty = Any[1, 3, 7, 8, 9, 11, 13]
   
new = Any[[2, 12], [4, 6, 14], [10, 15, 5]]
empty = Any[1, 3, 7, 8, 9, 11, 13]
   
new = Any[[2, 12], [4, 14], [10, 15, 5]]
empty = Any[1, 3, 6, 7, 8, 9, 11, 13]
   
new = Any[[2, 12], [4, 14], [10, 15, 5]]
empty = Any[1, 3, 6, 7, 8, 9, 11, 13]
   
new = Any[[2, 12], [10, 15, 5]]
empty = Any[1, 3, 4, 6, 7, 8, 9, 11, 13, 14]
   
new = Any[[2, 12], [4, 6], [10, 15, 5]]
empty = Any[1, 3, 7, 8, 9, 11, 13, 14]
   
new = Any[[2, 12], [4, 6], [10, 15, 5]]
empty = Any[1, 3, 7, 8, 9, 11, 13, 14]
   
new = Any[[2, 12], [10, 15, 5, 3], [4, 6]]
empty = Any[1, 7, 8, 9, 11, 13, 14]
   
new = Any[[2, 12], [10, 15, 5, 3, 7], [4, 6]]
empty = Any[1, 8, 9, 11, 13, 14]
   
new = Any[[2, 12], [10, 15, 5, 3], [4, 6]]
empty = Any[1, 7, 8, 9, 11, 13, 14]
   
new = Any[[2, 12], [10, 15, 5, 3], [4, 6]]
empty = Any[1, 7, 8, 9, 11, 13, 14]
   
new = Any[[2, 12], [10, 15, 7, 5, 3], [4, 6]]
empty = Any[1, 8, 9, 11, 13, 14]
   
new = Any[[2, 12], [10, 15, 5, 3, 7], [4, 6]]
empty = Any[1, 8, 9, 11, 13, 14]
   
new = Any[[2, 12], [10, 15, 5, 3], [4, 6]]
empty = Any[1, 7, 8, 9, 11, 13, 14]
   
new = Any[[2, 12], [10, 15, 7, 5, 3], [6, 14, 4]]
empty = Any[1, 8, 9, 11, 13]
   
new = Any[[2, 12], [10, 15, 7, 5, 3], [6, 14, 4]]
empty = Any[1, 8, 9, 11, 13]
   
new = Any[[2, 12], [10, 15, 7, 5, 3], [6, 14]]
empty = Any[1, 4, 8, 9, 11, 13]
   
new = Any[[2, 12], [10, 15, 5, 3], [6, 14]]
empty = Any[1, 4, 7, 8, 9, 11, 13]
   
new = Any[[2, 12], [10, 15, 5, 3], [6, 14], [7, 13]]
empty = Any[1, 4, 8, 9, 11]
   
new = Any[[2, 12], [10, 15, 5, 3], [6, 14]]
empty = Any[1, 4, 7, 8, 9, 11, 13]
   
new = Any[[2, 12], [10, 15, 5, 3], [6, 14, 4], [7, 13]]
empty = Any[1, 8, 9, 11]
   
new = Any[[2, 12], [10, 13, 15, 7, 5, 3], [6, 14, 4]]
empty = Any[1, 8, 9, 11]
   
new = Any[[2, 12], [13, 15, 10, 7, 5, 3], [6, 14, 4]]
empty = Any[1, 8, 9, 11]
   
new = Any[[2, 12], [10, 13, 15, 7, 5, 3], [6, 14, 4]]
empty = Any[1, 8, 9, 11]
   
new = Any[[2, 12], [10, 13, 15, 7, 5, 3], [6, 14, 4]]
empty = Any[1, 8, 9, 11]
   
new = Any[[2, 12], [10, 13, 15, 7, 5, 3], [6, 14, 4]]
empty = Any[1, 8, 9, 11]
   
new = Any[[2, 12], [10, 13, 15, 7, 5, 3], [6, 14, 4]]
empty = Any[1, 8, 9, 11]
   
new = Any[[2, 12], [10, 13, 15, 7, 5, 3], [6, 14, 4]]
empty = Any[1, 8, 9, 11]
   
new = Any[[2, 12], [10, 13, 15, 9, 7, 5, 3], [6, 14, 4, 8]]
empty = Any[1, 11]
   
new = Any[[2, 12], [10, 13, 15, 7, 5, 3], [6, 14, 4, 8]]
empty = Any[1, 9, 11]
   
new = Any[[2, 12], [10, 13, 15, 7, 5, 3], [6, 14, 4]]
empty = Any[1, 8, 9, 11]
   
new = Any[[2, 12], [10, 13, 15, 7, 5, 3], [6, 14, 4]]
empty = Any[1, 8, 9, 11]
   
new = Any[[2, 12], [13, 15, 10, 7, 5, 3], [6, 14, 4]]
empty = Any[1, 8, 9, 11]
   
new = Any[[2, 12], [10, 13, 15, 7, 5, 3], [6, 14, 4]]
empty = Any[1, 8, 9, 11]
   
new = Any[[2, 12], [10, 13, 15, 7, 5, 3], [6, 14, 4]]
empty = Any[1, 8, 9, 11]
   
new = Any[[2, 12], [10, 13, 15, 7, 5, 3], [6, 14, 4]]
empty = Any[1, 8, 9, 11]
   
new = Any[[2, 12], [10, 15, 5, 3], [6, 14, 4], [7, 13]]
empty = Any[1, 8, 9, 11]
   
new = Any[[2, 12], [10, 13, 15, 7, 5, 3], [9, 14, 6]]
empty = Any[1, 4, 8, 11]
   
new = Any[[2, 12], [10, 15, 5, 3], [9, 14, 6], [7, 13]]
empty = Any[1, 4, 8, 11]
   
new = Any[[2, 12], [10, 13, 15, 7, 5, 3], [6, 14]]
empty = Any[1, 4, 8, 9, 11]
   
new = Any[[2, 12], [10, 15, 5, 13, 3], [6, 14]]
empty = Any[1, 4, 7, 8, 9, 11]
   
new = Any[[2, 12], [10, 15, 5, 13, 3], [6, 14]]
empty = Any[1, 4, 7, 8, 9, 11]
   
new = Any[[2, 12], [10, 13, 15, 5, 3], [6, 14]]
empty = Any[1, 4, 7, 8, 9, 11]
   
new = Any[[2, 12], [10, 13, 15, 7, 5, 3], [6, 14]]
empty = Any[1, 4, 8, 9, 11]
   
new = Any[[2, 12], [10, 13, 15, 7, 5, 3], [6, 14]]
empty = Any[1, 4, 8, 9, 11]
   
new = Any[[2, 12], [13, 15, 10, 7, 5, 3], [6, 14]]
empty = Any[1, 4, 8, 9, 11]
   
new = Any[[2, 12], [13, 15, 10, 7, 5, 3], [6, 14]]
empty = Any[1, 4, 8, 9, 11]
   
new = Any[[2, 12], [13, 15, 10, 5, 3], [6, 14]]
empty = Any[1, 4, 7, 8, 9, 11]
   
new = Any[[2, 12], [13, 15, 10, 5, 3], [6, 14]]
empty = Any[1, 4, 7, 8, 9, 11]
   
new = Any[[2, 12], [13, 15, 10, 5, 3], [6, 14]]
empty = Any[1, 4, 7, 8, 9, 11]
   
new = Any[[2, 12], [13, 15, 10, 5, 3], [6, 14]]
empty = Any[1, 4, 7, 8, 9, 11]
   
new = Any[[2, 12], [13, 15, 10, 5], [6, 14], [7, 9]]
empty = Any[1, 3, 4, 8, 11]
   
new = Any[[2, 12], [13, 15, 10, 5], [6, 14]]
empty = Any[1, 3, 4, 7, 8, 9, 11]
   
new = Any[[2, 12], [13, 15, 10, 5], [6, 14], [7, 9]]
empty = Any[1, 3, 4, 8, 11]
   
new = Any[[2, 12], [6, 14, 3], [13, 15, 10, 5], [7, 9]]
empty = Any[1, 4, 8, 11]
   
new = Any[[2, 12], [6, 14, 3], [10, 15, 5], [7, 9]]
empty = Any[1, 4, 8, 11, 13]
   
new = Any[[2, 12], [6, 14, 3], [13, 15, 10, 5], [7, 9]]
empty = Any[1, 4, 8, 11]
   
new = Any[[2, 12], [10, 15, 5], [6, 14], [7, 9]]
empty = Any[1, 3, 4, 8, 11, 13]
   
new = Any[[2, 12], [10, 15, 5], [6, 14], [9, 13, 7]]
empty = Any[1, 3, 4, 8, 11]
   
new = Any[[2, 12], [10, 15, 5], [6, 14], [9, 13]]
empty = Any[1, 3, 4, 7, 8, 11]
   
new = Any[[11, 12, 2], [10, 15, 5]]
empty = Any[1, 3, 4, 6, 7, 8, 9, 13, 14]
   
new = Any[[11, 12, 2], [3, 13], [10, 15, 5]]
empty = Any[1, 4, 6, 7, 8, 9, 14]
   
new = Any[[2, 12], [10, 15, 5, 3, 9, 13]]
empty = Any[1, 4, 6, 7, 8, 11, 14]
   
new = Any[[2, 12], [10, 15, 5, 3, 9, 13], [6, 14]]
empty = Any[1, 4, 8, 11]
   
new = Any[[1, 11], [2, 12], [10, 15, 5, 3, 9]]
empty = Any[4, 6, 7, 8, 13, 14]
   
new = Any[[12, 14, 2], [10, 15, 5, 3]]
empty = Any[1, 4, 6, 7, 8, 9, 11, 13]
   
new = Any[[12, 14, 6, 2], [10, 15, 5, 3, 9]]
empty = Any[1, 4, 7, 8, 11, 13]
   
new = Any[[1, 11], [12, 14, 6, 2], [10, 15, 9, 5, 3]]
empty = Any[4, 7, 8, 13]
   
new = Any[[12, 14, 6, 2], [10, 15, 5, 3, 9]]
empty = Any[1, 8, 11, 13]
   
new = Any[[1, 11], [6, 12, 2], [10, 15, 5, 3], [7, 9]]
empty = Any[4, 8, 13, 14]
   
new = Any[[1, 11], [12, 14, 6, 2], [10, 15, 5, 3, 8], [7, 9]]
empty = Any[4, 13]
   
new = Any[[1, 11], [12, 14, 6, 2], [10, 15, 5, 3, 8]]
empty = Any[4, 7, 9, 13]
   
new = Any[[1, 11], [12, 14, 6, 2], [10, 15, 5, 3, 8]]
empty = Any[4, 7, 9, 13]
   
new = Any[[12, 14, 6, 2, 1, 11], [10, 15, 5, 3, 8]]
empty = Any[4, 7, 9, 13]
   
new = Any[[1, 11], [12, 14, 6, 2], [10, 15, 5, 3, 8]]
empty = Any[4, 7, 9, 13]
   
new = Any[[1, 11], [6, 12, 2, 14], [10, 15, 5, 3]]
empty = Any[4, 7, 8, 9, 13]
   
new = Any[[1, 11], [6, 12, 2, 14], [10, 15, 5, 3]]
empty = Any[4, 7, 8, 9, 13]
   
new = Any[[1, 11], [2, 12], [10, 15, 5, 3]]
empty = Any[4, 6, 7, 8, 9, 13, 14]
   
new = Any[[1, 11], [6, 12, 2], [10, 15, 5, 3]]
empty = Any[4, 7, 8, 9, 13, 14]
   
new = Any[[1, 11], [2, 12], [10, 15, 8, 5, 3]]
empty = Any[4, 6, 7, 9, 13, 14]
   
new = Any[[1, 11], [2, 12], [10, 15, 8, 5, 3]]
empty = Any[4, 6, 7, 9, 13, 14]
   
new = Any[[1, 11], [2, 12], [10, 15, 5, 3], [4, 13]]
empty = Any[6, 7, 8, 9, 14]
   
new = Any[[1, 11], [9, 12, 2], [10, 15, 5, 3]]
empty = Any[4, 6, 7, 8, 13, 14]
   
new = Any[[1, 11], [9, 12, 2], [10, 15, 5, 3]]
empty = Any[4, 6, 7, 8, 13, 14]
   
new = Any[[1, 11], [9, 12, 2], [10, 15, 5, 3]]
empty = Any[4, 6, 7, 8, 13, 14]
   
new = Any[[1, 11], [9, 12, 2], [10, 15, 5, 3]]
empty = Any[4, 6, 7, 8, 13, 14]
   
new = Any[[1, 11], [9, 12, 2], [10, 15, 5, 3]]
empty = Any[4, 6, 7, 8, 13, 14]
   
new = Any[[1, 11], [9, 12, 2], [10, 15, 5, 3], [6, 14]]
empty = Any[4, 7, 8, 13]
   
new = Any[[1, 11], [9, 12, 2], [10, 15, 5, 3], [6, 14]]
empty = Any[4, 7, 8, 13]
   
new = Any[[1, 11], [9, 12, 2], [10, 15, 5, 3], [6, 14]]
empty = Any[4, 7, 8, 13]
   
new = Any[[1, 11], [9, 12, 2], [10, 15, 5, 3], [6, 14]]
empty = Any[4, 7, 8, 13]
   
new = Any[[1, 11], [9, 12, 2], [10, 15, 5, 3]]
empty = Any[4, 6, 7, 8, 13, 14]
   
new = Any[[1, 11], [9, 12, 2], [10, 15, 5, 3]]
empty = Any[4, 6, 7, 8, 13, 14]
   
new = Any[[1, 11], [9, 12, 2], [10, 15, 5, 3]]
empty = Any[4, 6, 7, 8, 13, 14]
   
new = Any[[1, 11], [9, 12, 2], [10, 15, 5, 3]]
empty = Any[4, 6, 7, 8, 13, 14]
   
new = Any[[1, 11], [9, 12, 2], [10, 15, 5, 3], [4, 6]]
empty = Any[7, 8, 13, 14]
   
new = Any[[1, 11], [9, 12, 2], [10, 15, 5, 3], [6, 8, 4]]
empty = Any[7, 13, 14]
   
new = Any[[1, 11], [9, 12, 2], [10, 15, 5, 3]]
empty = Any[4, 6, 7, 8, 13, 14]
   
new = Any[[1, 11], [9, 12, 2], [10, 15, 5, 3]]
empty = Any[4, 6, 7, 8, 13, 14]
   
new = Any[[1, 11], [9, 12, 2], [10, 15, 5, 3], [4, 6]]
empty = Any[7, 8, 13, 14]
   
new = Any[[1, 11], [9, 12, 2], [10, 15, 5, 3], [4, 6]]
empty = Any[7, 8, 13, 14]
   
new = Any[[1, 11], [9, 12, 2], [10, 15, 5, 3], [4, 6]]
empty = Any[7, 8, 13, 14]
   
new = Any[[1, 11], [9, 12, 2], [10, 15, 5, 3], [4, 6]]
empty = Any[7, 8, 13, 14]
   
new = Any[[1, 11], [9, 12, 2], [10, 15, 5, 3], [4, 6]]
empty = Any[7, 8, 13, 14]
   
new = Any[[1, 11], [9, 12, 2], [10, 15, 5, 3], [4, 6]]
empty = Any[7, 8, 13, 14]
   
new = Any[[1, 11], [9, 12, 2], [10, 15, 5, 3], [4, 6]]
empty = Any[7, 8, 13, 14]
   
new = Any[[1, 11], [9, 12, 2], [10, 15, 5, 3], [4, 6]]
empty = Any[7, 8, 13, 14]
   
new = Any[[1, 11], [9, 12, 2], [10, 15, 5, 3], [4, 6]]
empty = Any[7, 8, 13, 14]
   
new = Any[[1, 11], [9, 12, 2], [10, 15, 5, 3], [4, 6]]
empty = Any[7, 8, 13, 14]
   
new = Any[[1, 11], [9, 12, 2], [10, 15, 5, 3], [4, 6]]
empty = Any[7, 8, 13, 14]
   
new = Any[[1, 11], [10, 15, 5, 3], [4, 6], [9, 12]]
empty = Any[2, 7, 8, 13, 14]
   
new = Any[[1, 11], [9, 12, 2], [4, 6], [10, 15, 5]]
empty = Any[3, 7, 8, 13, 14]
   
new = Any[[4, 6, 1, 11], [9, 12, 2], [10, 15, 5]]
empty = Any[3, 7, 8, 13, 14]
   
new = Any[[4, 6, 1, 11], [9, 12, 2], [10, 15, 5]]
empty = Any[3, 7, 8, 13, 14]
   
new = Any[[11, 12, 9, 2, 1], [4, 6], [10, 15, 5]]
empty = Any[3, 7, 8, 13, 14]
   
new = Any[[11, 12, 9, 2, 1, 4], [10, 15, 5]]
empty = Any[3, 6, 8, 13, 14]
   
new = Any[[11, 12, 9, 2, 1], [4, 7], [10, 15, 5]]
empty = Any[3, 6, 8, 13, 14]
   
new = Any[[11, 12, 9, 2, 1], [4, 7], [10, 15, 5]]
empty = Any[3, 6, 8, 13, 14]
   
new = Any[[11, 12, 9, 1], [10, 15, 5]]
empty = Any[2, 3, 4, 6, 7, 8, 13, 14]
   
new = Any[[11, 12, 9, 1], [2, 6], [10, 15, 5]]
empty = Any[3, 4, 7, 8, 13, 14]
   
new = Any[[12, 13, 11, 1], [2, 6], [10, 15, 5]]
empty = Any[3, 4, 7, 8, 9, 14]
   
new = Any[[4, 6, 2], [10, 15, 5], [12, 13, 11]]
empty = Any[1, 3, 7, 8, 9, 14]
   
new = Any[[4, 6, 14, 2], [10, 15, 5], [12, 13, 11]]
empty = Any[1, 3, 7, 8, 9]
   
new = Any[[13, 14, 4], [10, 15, 5], [6, 9], [11, 12]]
empty = Any[1, 2, 3, 7, 8]
   
new = Any[[2, 6], [4, 14], [10, 15, 5], [11, 12]]
empty = Any[1, 3, 7, 8, 9, 13]
   
new = Any[[10, 15, 5], [6, 9], [11, 12]]
empty = Any[1, 2, 3, 4, 7, 8, 13, 14]
   
new = Any[[2, 6], [10, 15, 5], [12, 14, 11]]
empty = Any[1, 3, 4, 7, 8, 9, 13]
   
new = Any[[10, 15, 5], [12, 14, 11]]
empty = Any[1, 2, 3, 4, 6, 7, 8, 9, 13]
   
new = Any[[12, 14, 11, 9, 4], [10, 15, 5], [6, 8]]
empty = Any[1, 2, 3, 7, 13]
   
new = Any[[12, 14, 11, 4, 9], [10, 15, 5]]
empty = Any[1, 2, 3, 6, 7, 8, 13]
   
new = Any[[1, 6], [10, 15, 5, 2], [11, 12, 4, 9]]
empty = Any[3, 7, 8, 13, 14]
   
new = Any[[1, 6], [10, 15, 5, 2], [12, 14, 11, 9, 4]]
empty = Any[3, 7, 8, 13]
   
new = Any[[1, 6], [11, 12, 14, 9, 4], [10, 15, 5]]
empty = Any[2, 3, 7, 8, 13]
   
new = Any[[1, 6], [10, 15, 5, 2], [4, 9], [12, 14, 11]]
empty = Any[3, 7, 8, 13]
   
new = Any[[10, 15, 5, 2], [11, 12, 14, 9, 4]]
empty = Any[1, 3, 6, 7, 8, 13]
   
new = Any[[10, 15, 5, 2], [11, 12, 14, 9]]
empty = Any[1, 3, 4, 6, 7, 8, 13]
   
new = Any[[1, 6], [10, 15, 5, 2], [9, 12, 7], [11, 14]]
empty = Any[3, 4, 8, 13]
   
new = Any[[1, 6], [10, 15, 5, 8, 2], [9, 12], [13, 14, 11]]
empty = Any[3, 4, 7]
   
new = Any[[1, 6], [10, 15, 5, 2], [9, 12], [11, 14]]
empty = Any[3, 4, 7, 8, 13]
   
new = Any[[1, 6], [10, 15, 5, 2], [9, 12, 7], [13, 14, 11]]
empty = Any[3, 4, 8]
   
new = Any[[10, 15, 5, 2], [9, 12, 7], [11, 14]]
empty = Any[1, 3, 4, 6, 8, 13]
   
new = Any[[10, 15, 5, 2], [9, 12], [11, 14]]
empty = Any[1, 3, 4, 6, 7, 8, 13]
   
new = Any[[10, 15, 5, 2], [3, 13], [11, 14]]
empty = Any[1, 4, 6, 7, 8, 9, 12]
   
new = Any[[10, 15, 8, 5, 2], [3, 13], [7, 9], [11, 14]]
empty = Any[1, 4, 6, 12]
   
new = Any[[1, 6], [10, 15, 5, 2], [3, 13], [7, 9], [11, 14]]
empty = Any[4, 8, 12]
   
new = Any[[6, 12, 1], [10, 15, 5, 2], [3, 13], [11, 14]]
empty = Any[4, 7, 8, 9]
   
new = Any[[6, 12, 1], [10, 15, 5, 2, 8], [3, 13], [11, 14]]
empty = Any[4, 7, 9]
   
new = Any[[6, 12, 1], [10, 15, 5, 2, 8], [3, 13], [11, 14]]
empty = Any[4, 7, 9]
   
new = Any[[6, 12, 1], [10, 15, 5, 2], [3, 13], [11, 14]]
empty = Any[4, 7, 8, 9]
   
new = Any[[6, 12, 1], [10, 15, 5, 2], [3, 13], [11, 14]]
empty = Any[4, 7, 8, 9]
   
new = Any[[6, 12, 4, 1], [10, 15, 5, 2], [3, 13], [11, 14]]
empty = Any[7, 8, 9]
   
new = Any[[6, 12, 4, 1], [10, 15, 5, 2], [3, 13], [11, 14]]
empty = Any[7, 8, 9]
   
new = Any[[6, 12, 1], [10, 15, 5, 2], [3, 13], [11, 14]]
empty = Any[4, 7, 8, 9]
   
new = Any[[6, 12, 1], [10, 15, 5, 8, 2], [3, 13], [11, 14]]
empty = Any[4, 7, 9]
   
new = Any[[6, 12, 1], [10, 15, 5, 2], [3, 13], [11, 14]]
empty = Any[4, 7, 8, 9]
   
new = Any[[6, 12, 1], [10, 15, 5, 8, 2], [3, 13], [11, 14]]
empty = Any[4, 7, 9]
   
new = Any[[6, 12, 1, 7], [10, 15, 5, 2, 8], [11, 14]]
empty = Any[3, 4, 9, 13]
   
new = Any[[6, 12, 1, 7], [10, 15, 5, 8, 2], [11, 14]]
empty = Any[3, 4, 9, 13]
   
new = Any[[6, 12, 1], [10, 15, 5, 2, 8], [11, 14]]
empty = Any[3, 4, 7, 9, 13]
   
new = Any[[6, 12, 1], [10, 15, 5, 2, 8], [11, 14, 3]]
empty = Any[4, 7, 9, 13]
   
new = Any[[6, 12, 1], [10, 15, 5, 2], [11, 14]]
empty = Any[3, 4, 7, 8, 9, 13]
   
new = Any[[6, 12, 1], [10, 15, 5, 2], [11, 14]]
empty = Any[3, 4, 7, 8, 9, 13]
   
new = Any[[6, 12, 1], [10, 15, 5, 2], [11, 14, 3]]
empty = Any[4, 7, 8, 9, 13]
   
new = Any[[6, 12, 1], [10, 15, 5, 2], [11, 14]]
empty = Any[3, 4, 7, 8, 9, 13]
   
new = Any[[6, 12, 1], [10, 15, 5, 2], [11, 14]]
empty = Any[3, 4, 7, 8, 9, 13]
   
new = Any[[6, 12, 1], [10, 15, 7, 9, 5, 2], [11, 14]]
empty = Any[3, 4, 8, 13]
   
new = Any[[6, 12, 1], [10, 15, 5, 7, 2], [11, 14]]
empty = Any[3, 4, 8, 13]
   
new = Any[[6, 12, 1], [10, 15, 5, 2], [11, 14]]
empty = Any[3, 4, 7, 8, 9, 13]
   
new = Any[[6, 12, 1], [10, 15, 5, 2], [11, 14, 9]]
empty = Any[3, 4, 7, 8, 13]
   
new = Any[[6, 12, 1], [10, 15, 5, 2], [11, 14]]
empty = Any[3, 4, 7, 8, 9, 13]
   
new = Any[[6, 12, 1, 4], [10, 15, 5, 2], [11, 14]]
empty = Any[3, 7, 8, 9, 13]
   
new = Any[[6, 12, 1], [10, 15, 5, 2], [11, 14]]
empty = Any[3, 4, 7, 8, 9, 13]
   
new = Any[[6, 12, 1, 4], [10, 15, 5, 2], [11, 14, 9]]
empty = Any[3, 7, 8, 13]
   
new = Any[[6, 12, 1, 4], [10, 15, 5, 2], [11, 14]]
empty = Any[3, 7, 8, 9, 13]
   
new = Any[[6, 12, 1, 4], [10, 15, 5, 2], [7, 8], [11, 14]]
empty = Any[3, 9, 13]
   
new = Any[[6, 12, 1, 4], [10, 15, 7, 5, 2], [11, 14]]
empty = Any[3, 8, 9, 13]
   
new = Any[[6, 12, 1, 4], [10, 15, 7, 8, 5, 2], [11, 14]]
empty = Any[3, 9, 13]
   
new = Any[[6, 12, 1, 4], [10, 15, 7, 8, 5, 2], [11, 14]]
empty = Any[3, 9, 13]
   
new = Any[[6, 12, 1, 4], [10, 15, 7, 8, 5, 2], [11, 14]]
empty = Any[3, 9, 13]
   
new = Any[[6, 12, 1, 4], [10, 15, 7, 8, 5, 2]]
empty = Any[3, 9, 11, 13, 14]
   
new = Any[[6, 12, 1, 4], [10, 15, 7, 5, 2]]
empty = Any[3, 8, 9, 11, 13, 14]
   
new = Any[[6, 12, 1, 4], [10, 15, 5, 7], [11, 14]]
empty = Any[2, 3, 8, 9, 13]
   
new = Any[[6, 12, 4, 1], [10, 15, 7, 5], [11, 14]]
empty = Any[2, 3, 8, 9, 13]
   
new = Any[[6, 12, 4, 1], [10, 15, 7, 5], [11, 14]]
empty = Any[2, 3, 8, 9, 13]
   
new = Any[[6, 12, 4, 1], [10, 15, 7, 5], [11, 14]]
empty = Any[2, 3, 8, 9, 13]
   
new = Any[[6, 12, 4, 1], [3, 14], [10, 15, 7, 5]]
empty = Any[2, 8, 9, 11, 13]
   
new = Any[[1, 4, 6], [3, 14], [10, 15, 7, 5]]
empty = Any[2, 8, 9, 11, 12, 13]
   
new = Any[[4, 6, 1], [11, 14, 3], [10, 15, 7, 5]]
empty = Any[2, 8, 9, 12, 13]
   
new = Any[[4, 6, 1], [11, 14, 3], [10, 15, 7, 5]]
empty = Any[2, 8, 9, 12, 13]
   
new = Any[[4, 6, 1], [11, 14, 3], [10, 15, 7, 5], [8, 9]]
empty = Any[2, 12, 13]
   
new = Any[[4, 6, 1], [11, 14, 3], [10, 15, 7, 5, 8]]
empty = Any[2, 12, 13]
   
new = Any[[4, 6, 1], [11, 14, 3], [10, 15, 8, 5, 7]]
empty = Any[2, 9, 12, 13]
   
new = Any[[4, 6, 1], [10, 15, 5, 7], [11, 14]]
empty = Any[2, 3, 8, 9, 12, 13]
   
new = Any[[1, 6], [10, 15, 5, 7], [11, 14]]
empty = Any[2, 3, 4, 8, 9, 12, 13]
   
new = Any[[1, 6], [10, 15, 7, 5], [11, 14]]
empty = Any[2, 3, 4, 8, 9, 12, 13]
   
new = Any[[1, 6], [10, 15, 7, 5], [11, 14]]
empty = Any[2, 3, 4, 8, 9, 12, 13]
   
new = Any[[4, 6, 1], [10, 15, 7, 5]]
empty = Any[2, 3, 8, 9, 11, 12, 13, 14]
   
new = Any[[4, 6, 1], [10, 15, 5, 7]]
empty = Any[2, 3, 8, 9, 11, 12, 13, 14]
   
new = Any[[4, 6, 1], [10, 15, 5]]
empty = Any[2, 3, 7, 8, 9, 11, 12, 13, 14]
   
new = Any[[4, 6, 1], [10, 15, 5]]
empty = Any[2, 3, 7, 8, 9, 11, 12, 13, 14]
   
